[app/ui]
version = 6.6.0
modtime = 1496342770.306775000

[app/launcher]
version = 6.6.0
modtime = 1496342770.309279000
